1185869
1185868
1183785
645590
186154
457407
441383
683408
484187
666321
564233
733739
1164798
443797
662502
1184679
14562
602162
708236
693161
186617
573027
1173772
541973
273090
441269
642237
503515
637443
1164796
749988
135841
295446
653051
410621
1164795
598443
596451
651441
452286
308543
501778
531029
651110
396032
705580
658203
387734
655102
224712
1164793
605902
581014
535936
130335
147535
1164792
569308
753706
627871
673608
510071
113839
1164791
1183784
1164790
96740
26666
490046
485823
635632
498612
85453
605764
748182
725274
401461
641186
468434
31086
742160
305154
1164787
688661
535243
321187
553140
88585
416278
652801
448861
609117
686474
396120
82631
430171
422799
564701
677722
659630
396846
667478
165324
118
531802
457773
1164782
650692
622007
492528
481431
296072
711452
608452
476121
170935
212020
756195
321944
398567
522059
617436
17008
520990
344949
670628
620254
561453
716682
448235
696473
476888
480096
511086
1164777
173769
427099
508811
391495
588376
1164776
1173770
630360
406188
617804
30619
316639
751529
486399
116736
559956
360382
1164772
290590
726424
1184764
433744
746395
280775
437723
545859
742685
697504
24388
707182
649051
759231
1183782
468728
460001
661940
242169
575787
459088
1164764
624575
138829
691516
11653
1173769
1164761
583734
608955
744373
287532
396288
683242
1164759
189935
690255
593603
445857
193384
656174
1164758
449132
15252
565659
482806
663380
1174666
252674
541895
441367
616319
500192
5202
610542
639751
747871
741934
413103
593717
592050
685380
71865
684440
138729
634747
612478
215545
600133
1183781
219912
724592
748701
455980
1164749
641438
684298
754337
452366
711476
592008
165453
695106
474783
1164746
548479
499812
457348
754130
1164745
117664
435356
445911
476407
121365
412886
510172
1164744
523140
13315
657061
603130
589631
81707
730829
1164743
618583
399731
613644
623325
575269
653151
735199
18970
557583
728984
403058
572255
735744
49432
79048
213201
289167
1183780
395288
592967
438666
614703
504875
6811
1164739
247230
591492
440856
569593
154289
557644
661106
495054
1173767
709018
515427
1164737
221711
709162
612024
1164736
597443
606851
448166
37504
738470
310290
553949
428555
523281
576539
447937
710991
480298
596897
649867
711556
449147
484785
385698
699911
134627
624097
543762
470449
508527
495126
741772
414496
520945
587473
101453
718690
469757
532152
121474
403810
735486
514688
216639
634235
577404
699971
445089
729120
1164725
584878
624360
408938
153580
487682
1164724
612170
374612
430318
620568
667985
601987
276042
757003
483746
325993
736493
603520
656030
1164722
634365
1164721
544357
654573
598046
529320
289051
332622
272115
575693
497067
599617
700838
751663
491271
612757
713518
643669
677853
449951
599225
644299
711391
613131
1164717
52216
140670
629699
630158
645588
133098
2500
93889
163844
112716
642081
614942
702173
399407
587547
393087
614226
654757
735646
1173765
694128
463892
1164713
650899
736973
685854
396424
1164712
516558
504412
558936
467090
742414
1164711
443892
526495
634512
435183
681529
413930
499265
687733
1164709
389184
740464
459067
441889
137796
1164708
545663
728967
686980
457962
656232
98709
662874
31928
596601
524839
564795
1164706
669148
184048
400840
721061
582984
758492
458594
184674
729613
1164705
746789
581533
396563
655160
393874
1164704
122232
223385
746880
1173764
688363
428365
1164703
665391
643162
663605
754126
735510
469986
599114
571673
614202
646727
609486
519297
299873
560136
744886
532472
47283
452108
570962
442909
586715
533264
457416
123612
452484
753808
463521
209441
502658
134574
573198
509581
189618
584788
262345
638530
1164695
5048
704144
472484
727428
733932
627573
279610
302360
151130
573413
1164692
581208
204038
231633
413786
704275
426690
271809
739506
1164689
599730
450662
550740
569982
630528
588585
490535
242206
603316
144366
650883
75480
575981
753821
613974
509867
250372
1164686
214743
181093
417336
735878
1164685
181705
645068
470311
719003
218252
550729
1164684
609542
476796
144059
299131
487595
533133
719805
626425
584552
1184678
709635
423912
755239
667780
1164682
278124
95746
412652
699723
1164680
61922
445336
411178
178738
511462
560526
729517
635977
426703
92682
308455
578221
77087
741380
420442
516030
551947
295557
601980
252470
219871
593451
295878
1164673
651052
151098
705100
707323
500781
603030
1164672
571330
416509
527888
1183774
1164671
436437
639976
469923
516199
227004
670857
651086
441386
678684
87278
147363
197586
581917
466532
115986
1164669
587773
606868
607886
697001
546075
733482
1164667
736314
290973
645657
400551
530355
634990
442662
702662
530301
436036
490937
625624
49498
287540
396072
677572
592475
682758
666453
41844
523181
529456
613823
757882
144903
1480
623981
385318
719836
695822
474542
1164661
124727
248762
1183773
1164660
198783
687387
651899
521321
415237
1164659
449828
615290
436538
728788
1164658
653717
440476
86935
541311
470424
444313
212283
1173760
1164657
455779
445059
251954
185343
455680
693172
474555
481084
460717
644283
575556
169588
707885
444278
756426
688424
122535
1164653
510589
451752
596408
149078
1164652
598156
661783
95447
9325
395923
561444
612935
406419
728301
540215
1183772
201517
417107
102598
642578
583908
495040
406563
488378
696239
593020
291961
385217
686298
464672
412152
455461
554333
80770
1164643
296191
731872
578831
424321
53168
1174665
524085
553144
1164641
566801
566453
463639
359466
539114
1164640
592382
431734
204986
726567
636008
657622
458297
27318
510177
447182
694693
311022
397231
390703
39772
637221
754782
299710
538815
556229
605097
665921
135638
274715
391046
510594
696116
471015
184814
118711
506800
594637
757779
379967
636936
578763
638680
621569
245709
441029
665329
632970
487135
716892
524440
72014
1164629
462271
678624
121415
410984
61151
1164628
461000
400898
758041
345474
421997
1164627
601819
501248
738720
2965
474551
502499
671988
599608
468441
460780
152424
1164625
443533
578859
193300
515082
474634
454632
1164624
253515
584067
555969
195984
1164623
747654
475031
41348
550793
461890
655283
194677
420756
559993
739314
690493
594535
1164621
613227
389122
406353
631638
52602
568157
1164620
392035
575138
637889
616417
611475
605145
660255
533485
597793
751080
712435
548732
34316
102444
1164616
717686
523867
104600
650957
56847
123452
635698
43659
1164614
677376
433037
127409
715216
719970
60569
738170
438897
579518
627297
606003
292180
533619
147558
477204
626245
450766
720167
1173756
738731
448634
400699
424037
410490
525060
537804
554195
591523
302650
54038
509174
627862
412168
257796
687552
450088
597463
291387
172936
722806
655766
587789
606412
678551
15297
587387
678570
253236
507179
653401
438312
31292
129207
566690
276526
1164603
322399
755940
440285
432744
390926
657572
682423
744376
608614
558104
456376
465313
705857
129798
614649
752156
1164600
459920
424122
57109
727609
6937
449158
668254
681057
408170
602970
702490
1164598
431733
730205
612613
278451
536774
746799
760141
471791
396573
183769
549307
436113
502288
180547
725934
417200
735698
229125
598869
34364
216395
382076
750548
1164593
