186617
154289
463892
721061
77087
151098
147363
510177
665329
730205
535644
703542
642580
759582
699312
52024
497353
398742
437270
129069
673150
731348
470615
751475
722156
712620
448930
29294
433106
1163936
696870
562595
568498
549430
32665
202880
167480
492760
723745
620522
420699
4501
753381
703048
757837
688801
626113
563333
204669
652652
442851
667834
501728
679240
727521
429261
734665
681204
497151
730412
523126
758025
668184
417752
445516
130242
736653
660623
515361
620577
698614
1162936
395200
748891
403855
584544
229196
515843
697463
1183597
598141
713271
713801
414428
731722
139135
429093
26286
736918
1162385
726487
403910
590730
498436
79314
430559
476133
1162238
715548
698436
418066
452857
485283
707097
535701
725627
688455
555342
373895
132595
423845
446236
416171
496981
63515
412119
488849
1173482
421130
1161821
1161816
629524
755873
675464
22012
678441
730107
383793
427177
679807
442065
697831
642178
485506
719485
60508
647307
328450
177612
125553
380891
755796
682461
206226
678226
555361
157367
687423
534454
752174
759551
1183438
473105
536312
620879
95570
19945
185894
722430
554966
412331
563895
601556
743431
722324
706330
112891
692828
216554
400583
66583
683943
526268
55492
712799
22586
29565
377308
577052
675477
712374
513095
689313
505016
679788
697167
689551
754970
655761
512307
741303
674590
637795
54960
1173307
722862
464442
713949
1159911
694631
421087
736641
660016
538862
561724
218513
429170
656889
749462
660963
759149
342274
61627
716117
717530
759466
691136
680345
26773
1183264
678198
704021
1159392
515232
426667
381713
1159241
688587
520523
412943
755132
626977
112140
661648
660601
1158968
1158938
722074
475548
757460
373134
76437
585774
470288
192001
393135
757894
1174607
41623
749062
686601
36405
1173173
713454
662405
679655
91392
9727
680828
664316
462892
548034
523307
689298
5593
563045
588330
741567
1158209
1158206
130055
231274
473095
1158128
180234
622020
460262
615364
1158039
1157957
714645
726493
443740
206556
345536
36254
532723
27889
1157734
558587
559885
403658
395698
753380
553671
1157611
33263
528922
437246
210682
162634
1157513
726642
1157488
428703
470114
298506
80854
716899
415665
386099
1157371
345888
1157292
713923
196084
566114
133426
447560
711019
662402
480477
594401
1157149
534597
455946
502280
1157055
744526
682208
747184
483172
186276
679405
414894
446579
24753
392270
468761
193028
667241
66068
19001
1156814
737359
418243
354944
156150
1156735
83104
497835
149645
188855
373976
673329
719943
708321
155108
1156542
430387
679114
409062
698321
760228
1156419
600438
421028
1156384
472356
406703
404549
1172957
655397
406664
294967
656196
1156299
326870
69979
705514
198720
202285
334887
710610
700665
527882
401610
141283
626401
487723
634655
685752
505015
430698
728635
472093
662764
678442
187102
417590
150590
686998
1155559
484632
160022
673474
421059
709730
660801
407855
540410
383266
426566
651177
1155130
356742
675397
71872
1154942
485868
1172834
1154921
1154845
326083
444264
1154810
406244
123986
654708
1154731
56749
523435
66677
460266
67243
532362
703437
560033
1154567
673191
676074
744987
49194
131070
377735
392506
1154414
414389
742986
674357
741511
447651
1154294
435503
1154230
229477
576713
188809
39606
54351
411049
616204
395029
1154161
386080
1154146
703801
1154058
498349
429838
440812
481476
464335
534176
27078
396559
718832
689337
294276
630018
422922
737929
458107
480074
340140
416654
415200
440814
755200
407066
1153477
529416
408193
492961
690191
440602
494527
130973
502557
1153348
1153327
699697
53248
513419
1172672
419906
750028
466151
1153146
752783
392408
689755
417090
557830
546209
406941
6876
690301
631955
594585
556933
513111
415488
573034
443991
710547
485072
1152628
696837
650723
741658
413993
682303
62041
458811
556580
108082
1182582
53723
234841
583219
616441
29285
755996
149195
753176
1152080
177358
234090
281068
19002
1182539
656157
433941
437632
457039
426671
652358
46609
744362
546839
708988
578269
577913
1151678
521280
1151581
694996
63135
525701
494607
629276
1151373
454102
733170
405465
184356
527395
1151332
49878
603679
586072
626106
511338
441391
396690
197408
736854
447443
385332
1172471
411024
732021
411340
423016
272494
523245
656208
655929
418670
552550
623438
705201
11908
342995
199316
25558
433977
539586
66598
672450
465914
699361
616822
149563
383904
471541
459527
682374
560684
437240
1150360
541674
384954
630356
189273
1172412
421700
111463
404414
487251
439565
420690
1150133
413812
736626
616557
526333
723750
349887
541599
442057
14604
664427
637350
454916
669024
1149904
698781
750101
1149788
1149739
383127
649315
383153
725860
61653
106092
655839
706498
232310
491112
413860
699174
347565
1149457
480425
483534
1182301
266212
199111
108190
523372
23225
736532
594419
528958
1149225
678935
1172306
726626
663223
475696
1149154
504279
67021
518503
328743
320789
261263
341986
631284
143839
720906
10281
409336
380039
557166
746786
700455
446440
705496
541805
89441
407410
448813
177656
420716
1148424
113908
1148375
688334
452471
400145
689965
1148270
694074
677341
343783
729739
681895
161042
731500
712087
643275
424215
558761
737715
1148045
757271
627762
537702
634961
596172
598565
1147867
491092
1172170
338569
434880
740609
73388
490163
663189
698025
479263
687398
423561
1147506
345977
415783
591281
727054
1147238
388284
755572
200023
451541
759355
409847
424687
594532
1146971
706493
294766
377268
758841
1172076
403669
192176
1182066
397945
741968
459725
1174493
669963
513237
744660
736375
499355
578641
526584
582539
690152
445549
703583
458718
717947
713925
23108
384755
479316
323129
720833
1146132
396878
736401
708545
453674
709967
736906
483195
53668
80353
697716
74416
711221
431173
597367
473163
728583
392288
490901
552932
581751
388444
422161
502105
733369
440022
187776
438591
1145529
751595
1145478
756000
429546
724501
1145422
741037
658569
78851
426044
425642
740362
684367
747324
582972
441546
519511
548525
495829
736137
675952
758121
105754
1144926
457135
198699
688534
749344
577948
238378
351599
140513
430585
406820
385324
600230
623881
710551
385642
246992
441736
267954
1144458
740788
491055
583217
726348
435043
107740
152842
456969
14135
642665
760584
234822
594342
516950
673592
492649
288620
564291
528863
469253
715965
600186
1143905
758340
513031
697778
404605
569629
617982
649411
503231
589281
553774
624530
408818
683392
596519
700251
498476
238069
428320
527166
1185455
665836
563484
733450
1184475
441127
863431
741574
843067
898983
514406
936597
999619
792989
954303
1034841
205686
2764
772033
1031029
130267
931644
944423
857583
1037330
537979
1001937
764821
1065353
953152
866984
985444
886270
27124
862887
104492
878830
940663
1181684
1142464
193883
931859
869027
851723
773644
676107
1171650
557636
1032626
1044582
936227
993712
1142048
1142042
1062459
944837
768976
1171615
930477
1171607
992406
1141697
1181610
801908
1141659
773023
1011010
350471
965707
490850
340984
1024307
954391
868036
1058321
923541
771183
967703
269700
1073884
795523
993357
798859
985445
847128
1042157
1013210
788227
875206
934553
1044056
908927
1080689
1171543
175615
327635
1141011
969296
1048772
494009
131183
772048
956082
1019067
1011009
189422
788744
772910
325608
1140690
756066
930598
771942
369153
820406
882786
21991
1140582
1035533
855456
932433
797478
235404
1140458
90132
224235
881389
808743
967391
132198
774586
965602
1026155
1140325
519904
934283
211681
1140171
844824
930473
784733
182979
68115
826079
1171445
800458
1042579
976130
1139974
892864
885464
833650
1139871
860530
864823
828418
770591
782463
856702
1139818
765867
118384
90104
1139773
1171418
197540
863550
1036601
808769
187566
119911
967324
754010
877171
154945
1044335
1070134
788995
156945
936526
789705
944439
1139283
176487
151473
1072532
1139190
1042006
804240
830159
1078133
771948
344160
907891
352601
132475
62225
769810
567174
1138829
951434
695873
901976
1057203
763151
1138679
767364
1061901
907210
944806
856137
779228
77518
235387
1138355
964989
294926
790013
743496
189275
1034498
697318
841853
821283
328088
1138031
1171264
782363
768639
1137941
1031073
767972
882466
855970
893191
830686
966936
23894
1024033
889138
836307
71503
999869
802295
105884
423597
162503
808554
997407
12107
711397
869968
1046112
826707
1031221
949390
983266
69334
1010588
1034142
949161
281477
372800
818825
850032
30479
772211
856453
364653
950905
968189
763095
778585
763152
769600
69484
846342
78595
912460
971051
798819
893076
783419
892180
403018
169138
146728
944776
1055746
864410
208335
885654
766049
1052969
771182
261460
917449
1043709
17461
1042985
834046
907372
868188
538677
990545
883028
761531
156120
946498
814047
1070450
546927
891282
781101
1171077
925787
899127
939689
25754
1033595
258460
204407
569541
931631
747134
988054
132775
173184
353029
489909
483990
1181061
70267
24202
554099
982587
767192
17538
880528
1077599
269940
908195
4436
471119
96466
949798
879678
905206
785358
572066
538502
840649
335368
992578
177051
64824
843485
1053207
817154
1006916
552808
856441
930524
11860
164593
954301
105855
1170976
892056
170801
17009
989450
826129
781857
1007036
821746
541869
763302
364777
336906
255997
832887
804583
1170936
728581
887424
784292
791886
252076
1028186
245155
126055
356996
677889
26089
951000
1013257
785518
949434
856188
1067436
639164
522163
583186
1039974
414707
793956
1170866
23760
732463
852430
985965
1076138
871032
785891
1010094
334733
969308
958693
317669
1080355
799626
1034131
1062260
775953
51739
176918
1076176
767195
1024053
998443
1027340
906137
1020808
61302
938312
905179
854190
177153
162447
1081911
598057
150539
1007100
791489
368161
332590
157821
144488
1170751
855750
963515
759233
932425
1036813
1031331
658807
1045969
54350
71299
157939
676996
391244
1080760
911253
302592
893968
1037655
564553
293563
1036398
887488
803467
1039456
179457
347764
49117
279283
1000816
10511
972188
851254
808149
1042187
138331
901566
892195
23642
414590
967546
224203
980022
918301
1170654
925203
1067096
993022
770586
911785
908049
173253
1184351
937150
366330
878909
783172
766515
881122
911024
77981
780667
779148
944842
894393
708543
890473
677368
989325
914730
704285
869085
850507
998584
337474
542414
1037454
1078208
431880
172635
494163
948440
1044349
51268
576639
808757
903106
896378
963664
1170531
908518
208932
816658
829842
186358
1060264
1023090
530667
795470
60445
82954
894434
1032654
869909
49029
88986
1031273
11722
82490
1011735
137943
206969
1044234
171125
944186
344408
794298
943007
964325
925626
76500
796233
997666
1038924
825738
71792
814196
803884
364048
932040
894666
972268
1023467
773456
862890
102686
934703
899021
771884
536498
862176
905266
1066645
1039197
1027498
1053754
808734
760928
843026
864020
979769
516317
772881
719920
26479
142990
219041
1170370
100219
785259
584540
794481
706387
682981
266254
961154
399989
340047
1027311
959689
882304
111622
1022605
943873
950956
966058
806033
599118
177724
805386
534717
107198
104553
556349
760564
763246
902390
1170300
1033946
749098
948554
392451
985731
759692
158775
930420
407584
796249
875307
1170272
936129
790758
870719
305811
763800
1019562
1009793
675705
981476
201688
582654
1023940
1170235
797344
875439
884466
772661
356593
830434
1059703
942174
772841
877173
329553
366462
761588
144678
61415
795661
798345
952764
852980
504086
789742
984723
102827
985650
855331
511493
204053
1030887
927398
958466
1044215
1001191
101585
1077410
361642
1001700
955475
768794
772902
1050716
821621
157157
954080
62939
980790
952633
171946
864822
967860
1076723
982319
826551
333256
150740
911918
25305
767784
929924
1031693
908002
862988
783804
123776
860351
763375
881964
616776
929504
1036217
953497
784709
813970
509339
790964
819944
949560
711648
858374
138586
876454
598585
54980
940558
400317
791209
370390
21846
690732
807810
563049
798346
812252
373620
882879
82460
332591
900528
980229
949985
171036
991271
751777
863296
789724
919313
266281
701063
842007
638240
561241
979806
811658
1066989
7726
367993
954884
951617
774887
818273
986934
1052693
863175
441717
947640
1169903
171053
936362
1023198
775233
827848
844221
32651
898546
926460
169793
927230
161722
792709
895134
928780
52825
558882
1019143
1004461
944609
954916
20982
830974
282159
625837
1061438
997296
594367
793766
1023478
952987
960048
1024032
898344
940977
666695
58438
80945
915839
865787
859395
1018086
201793
953716
226886
845853
378191
934238
120557
826885
228437
766381
932039
225612
799798
771850
987786
1081168
815300
598313
762036
933273
930236
808816
54414
1008547
364279
854237
912945
696771
943555
133600
794913
681954
352243
753764
67416
555360
1069462
1059651
110786
729281
600319
197184
1033052
776558
803057
768401
803082
676129
166323
130445
821217
491443
946784
39699
670812
131624
332853
26350
294987
767534
801170
787533
399962
247836
16457
908088
1023854
761656
849355
1026658
300703
938824
1029652
146816
1078041
833307
881617
16092
1069620
131542
1059394
189308
978385
818930
841971
854697
267801
804908
24333
977959
764265
782142
944107
9538
97189
990613
200386
932713
678563
1031605
768310
1000074
857759
80456
792071
883848
684805
816004
563746
980196
856693
801863
879414
800460
472959
842497
889866
158446
842365
675746
198518
967166
950941
802286
722340
961701
1080505
780727
965794
93995
129808
962532
17885
528907
854273
654317
197878
1001295
899022
786790
928781
916712
978890
761248
967643
991270
1070760
53249
947872
286979
794719
868037
903181
738507
795741
952766
769432
304757
423319
881378
991196
815151
148926
799876
963936
218591
875540
903691
1065486
440387
951561
1174225
1049371
208196
161708
337908
1023592
945656
58451
1080972
942241
856006
772360
74243
200688
508927
981808
882078
889979
599588
885918
874785
862037
1169298
1044482
558845
983584
1017468
375790
767775
930071
1027133
49458
1034258
268545
600221
862102
334888
1037332
789376
483386
1079186
106465
405013
503947
1013962
566238
419910
995706
731498
986046
72870
1031330
916785
897022
810577
904698
977318
933947
76970
875135
182817
799572
261992
774325
819943
1044436
261736
795530
1044867
193620
113255
1031670
579567
82448
1059614
1079256
876009
931374
663855
1169208
467275
865985
1057541
801344
202301
802980
861866
390561
483992
964326
722096
1030291
133624
146010
758066
889149
775951
362811
793482
886415
950704
404116
538769
840346
1011606
538024
841859
945961
1044622
165905
24969
158517
49316
407737
762450
985822
379007
1169129
261373
783519
899775
403002
815958
76670
776054
1045254
674212
1017611
889209
945046
414868
838674
846481
485915
1052621
457514
152188
355851
861326
835141
949237
319217
36331
1040691
820496
111472
16265
1033512
81806
879360
154743
883991
1043619
989075
1019679
887913
657865
718125
833638
323475
984262
1004439
1043262
1169038
1031839
917788
819463
966329
965102
211298
928532
924775
451485
77928
148290
794069
116415
1023738
799762
60669
980981
136968
1169009
14577
874985
576002
151277
996910
705241
235782
880319
1001419
106216
868817
303213
1023508
93706
422763
641689
972412
1049216
1009655
1001210
958298
677099
871385
832068
1024431
1044329
106741
481471
897533
1080353
859700
96594
350479
760286
1038320
858452
190921
337743
346163
106155
945047
790177
761387
1039719
733893
834044
597772
855000
836299
78254
776166
1168874
105372
554619
1031383
530401
952564
474885
983518
744018
76280
498459
22483
768226
800693
781738
369947
47597
51463
965658
52425
415805
150370
680322
806426
985066
955880
279343
1077939
781104
171715
918589
38785
218614
1071935
985011
880845
947097
696610
386082
691901
1081817
793655
838773
1049496
856524
953877
191305
700601
758307
798743
1070560
876999
870439
576506
1185150
934932
63234
966481
67738
972900
987145
425408
869134
906962
225546
1024039
1174153
62019
168236
320435
876418
958426
193407
678112
373179
953632
1032996
143352
893895
811000
1058509
501966
208890
768297
945881
777165
791620
716510
883846
480063
804095
880557
474192
1040594
166305
1018829
655524
183084
65149
104753
1031137
880630
1028442
109470
150875
755563
1079739
189384
815112
902858
910694
940765
2867
768204
997631
939390
119485
944063
589288
97517
207709
1080112
1044185
321119
111407
878377
749645
1023541
795052
929951
77169
810446
95278
854851
859346
914787
786088
1028166
796958
903026
873899
304649
951463
673885
998043
1069218
945819
799475
821801
38543
67754
307677
886729
874083
174658
663519
787352
75454
342411
77004
14124
332233
130339
63147
190412
12672
105436
439969
44326
112630
183433
468086
637430
229208
331685
344580
173744
1719
13145
115003
353367
18560
662981
753158
357131
182381
327863
98009
355592
91155
755602
428831
15652
213635
183374
301842
741614
101843
63609
335962
495634
305698
373878
78746
677338
228158
303279
181100
189679
104780
150426
103588
735946
347693
22465
684172
102730
242071
210491
100854
556698
57383
1184713
78056
96495
76110
328388
40448
629917
562844
197758
157739
107876
197471
84857
338513
21241
522418
131389
116183
377939
81058
261799
63439
303776
737295
159983
205431
345992
25193
113809
104591
225024
55450
168296
239804
229192
345998
334248
524767
44211
695066
99853
566316
319864
49769
457326
375916
80587
63134
232939
129212
1178165
195603
502619
582181
687833
187094
17171
735541
1168192
686343
107735
79849
69167
268748
48803
191634
262871
103951
75954
195014
166644
723450
22701
201440
118791
199865
150726
63443
163408
109585
618494
103572
26369
342532
77563
223600
224453
55011
704022
134668
480399
237456
22227
321252
12617
165760
679820
102114
598757
110226
325831
228875
274607
331391
54647
80717
186188
319985
246960
266854
101350
107157
241287
56179
295011
110732
27115
355071
626852
16629
103577
300953
586279
138068
756023
391289
498391
111623
712846
560765
453421
720983
165255
694973
561761
78039
307442
1177955
638195
486222
208340
479279
708953
754013
683921
483643
433751
104828
404332
681326
177696
365730
486379
388251
664030
446810
399047
971490
146020
964230
626820
793823
795959
682975
8568
21662
371393
445906
893207
796640
780719
762727
982695
874160
940420
937972
898773
1023885
841190
798995
932593
1045695
67854
792495
930446
948257
867955
304298
439310
852919
662410
1011872
965001
146666
1048853
935769
1042403
954443
689552
359638
199427
111370
46079
207074
357808
124960
185910
220909
25656
235818
205551
319764
281726
206898
336143
21687
100906
14264
336239
78803
629441
16654
468050
707973
676156
475130
452901
745984
44394
585008
526883
658514
566241
21259
751996
473587
528741
481023
1167858
733056
412693
678474
413988
502422
725707
444570
492606
12521
593580
392887
582337
473094
510542
439273
644609
692900
495870
674120
429147
536739
574442
582335
87017
471150
452315
501222
20652
851516
893636
795480
1177728
270545
916688
1079927
888319
402501
895446
993818
998134
365828
1000026
822228
135827
1014121
825237
780702
788951
1055041
162372
58834
764729
130759
372591
681004
870084
768641
957587
926623
1043821
560238
777840
356176
1000814
240985
790642
104826
262047
461231
384974
23628
40267
424560
20434
102229
419063
52393
19759
193590
99244
69565
102165
39836
57004
74591
234785
755959
661835
245649
396868
758248
724436
743490
621243
744658
430164
80544
726666
397087
392932
492158
483761
382203
421174
757593
430018
556577
536079
381953
464707
232055
409341
247456
335483
781102
193446
68680
78927
809616
173403
862473
798339
887021
1061054
348326
740491
226273
25014
155271
92478
375867
526355
378977
188534
362954
707990
35487
559871
109907
585027
171098
158009
378201
694105
146439
438503
687046
25594
689745
530704
713544
510999
227110
565147
677342
665236
713692
556516
164919
404033
676380
500155
163942
730130
707451
166794
1002778
14820
765940
716651
527646
869740
327433
1029464
551859
918878
312258
775557
935671
360429
111297
104328
520480
239415
271773
134094
502386
186443
168613
142470
200464
107950
232467
376427
79120
40695
220852
132171
265194
753939
157021
340653
74367
673742
57488
565629
13622
146644
166519
67756
251407
82753
332549
701136
130534
134514
149959
78719
135884
209977
55874
648448
282154
319928
150475
113306
662027
220809
188845
30908
81079
246294
67552
294938
34942
280978
281591
16918
371192
727755
55500
150625
44918
188454
475654
205461
294959
481449
50910
168714
2888
273018
187825
295778
120618
404917
361756
615607
216195
488089
743614
279293
93068
364205
67256
173745
323421
378525
79341
344606
1185017
161733
145609
1174015
1167335
50109
114642
149289
49125
69204
116028
1167322
331598
65339
139489
320987
194058
178606
130247
302169
68666
161489
183414
101034
63968
727311
385566
12150
133665
170966
16986
434807
26297
181160
566718
105769
107942
107329
101995
362541
206058
73862
204977
21277
99778
385771
82325
332336
472511
598
67321
25066
432650
135587
117023
1167215
374116
98350
95376
413934
704898
437321
702281
501904
523308
462865
138165
576597
484616
269389
582570
698934
355268
711915
10739
422184
469840
437569
454232
580007
322462
690221
104506
444357
196928
467637
95838
654647
661307
662713
714757
1167121
146255
192155
23120
719165
571798
530757
709858
140045
270720
75663
530745
195426
682238
201487
719236
388952
91675
595101
89294
457583
1185680
388936
446578
709987
167787
131225
703662
388442
531407
111580
645251
693206
580201
58248
229296
583009
691582
759844
738934
736638
528227
676868
493939
584975
681897
413692
530268
34269
654786
76231
570758
286157
501826
150371
588263
563040
139503
396681
757888
490570
187824
86891
502440
725973
704029
708782
527893
104141
528906
399654
705083
669039
714059
589268
407170
684017
655666
682130
392444
567274
757845
594676
561275
472143
747118
467531
742388
472802
365897
688659
70087
159971
38435
563174
386004
412551
493285
569601
534593
573829
422320
118660
380657
633345
674354
581601
1176095
113612
447474
453452
191678
166073
664016
1166878
420439
496008
137850
617043
374899
307355
445981
681953
447051
335287
198344
524625
224499
690256
488480
1175682
555095
446881
759296
1175581
404507
523325
211552
706285
366067
708318
102733
736642
464891
492645
630721
1175227
679338
1184812
410072
683776
457306
415163
674895
17542
566142
480722
222904
1174915
686510
505332
691363
61656
553591
69961
749099
673317
528537
552223
434421
538057
421731
130819
503895
657393
628778
527983
1166619
1166573
721483
720557
472809
139902
1166359
663271
754362
576596
1166297
1166286
107989
129568
157574
696572
691241
698420
61423
182022
720012
704359
687812
565428
517444
668199
671613
687993
59778
471200
49226
702114
548004
459380
740022
372810
409797
592588
18765
440136
164258
440203
694052
439934
712105
302126
445982
714934
757266
714458
578422
151825
113232
500893
1165180
492915
717100
555381
730054
463172
684207
532190
682239
471394
