186617
154289
463892
721061
77087
151098
147363
510177
665329
730205
535644
703542
642580
759582
699312
52024
497353
398742
437270
129069
673150
731348
470615
751475
722156
712620
448930
29294
433106
1163936
696870
562595
568498
549430
32665
202880
167480
492760
723745
620522
420699
4501
753381
703048
757837
688801
626113
563333
204669
652652
442851
667834
501728
679240
727521
429261
734665
681204
497151
730412
523126
758025
668184
417752
445516
130242
736653
660623
515361
620577
698614
1162936
395200
748891
403855
584544
229196
515843
